-1.38189974125414
2.16800343101926
0.0462847066981464
0.809504822646573
-1.39333096264031
0.845331887701808
-2.30159234391274
3.79186658855548
1.02661602252875
-0.265176535896161
0.263825395153095
2.29886013815103
1.08201682592317
0.37605965418497
0.0975388120674865
0.721796213781887
-2.89627093628808
-0.588258696725121
1.73369050185475
3.47613559575041
0.769061273340043
-0.383636807047836
-3.05586907281585
-2.4025217832106
0.0240427474412936
0.167404108418553
-1.28244395379927
-1.1291386015055
-3.3755372287268
0.702765010104451
